{
    "camera_pos": {
        "type_id": "opencv-matrix",
        "rows": 12,
        "cols": 3,
        "dt": "f",
        "data": [ -7.56410141e+01, -1.40404310e+01, 1.28041821e+03,
            3.06814861e+01, -2.05276546e+01, 1.23534900e+03,
            2.88325348e+01, -1.19135628e+02, 1.18648462e+03,
            -7.18680649e+01, -1.11957558e+02, 1.13188037e+03,
            -1.73534302e+02, -1.05942368e+02, 1.08277698e+03,
            -1.65949829e+02, -6.45250416e+00, 1.03481494e+03,
            -1.58818253e+02, 9.42563858e+01, 9.87511475e+02,
            -5.26523438e+01, 8.80613632e+01, 9.38942566e+02,
            5.28013115e+01, 8.28489914e+01, 8.93080139e+02,
            5.04798279e+01, -1.61683674e+01, 8.39257935e+02,
            4.91085510e+01, -1.15361092e+02, 7.88156982e+02,
            -5.16266899e+01, -1.10642075e+02, 7.35634888e+02 ]
    }
}
