{
    "camera_pos": {
        "type_id": "opencv-matrix",
        "rows": 12,
        "cols": 3,
        "dt": "f",
        "data": [ -7.69222107e+01, 4.05152397e+01, 1.07253845e+03,
            -1.77695343e+02, -9.57876682e+00, 1.19415723e+03,
            -2.60506165e+02, 2.17148895e+02, 1.06460193e+03,
            1.77874115e+02, 1.40571686e+02, 1.08441992e+03,
            1.69710205e+02, -1.25507820e+02, 1.09097717e+03,
            -8.20285873e+01, -1.52373489e+02, 1.08180420e+03,
            -7.86154709e+01, -1.50782974e+02, 1.09374536e+03,
            -3.31791351e+02, -9.36494675e+01, 1.08579114e+03,
            -2.76511902e+02, 1.94621674e+02, 1.07918640e+03,
            1.42932281e+02, 1.35844513e+02, 1.09464050e+03,
            1.09002525e+02, -8.23652496e+01, 1.09971704e+03,
            -2.86752869e+02, -5.51846657e+01, 1.06986194e+03 ]
    }
}
