<?xml version="1.0"?>
<opencv_storage>
<transform_matrix type_id="opencv-matrix">
  <rows>4</rows>
  <cols>4</cols>
  <dt>f</dt>
  <data>
    1.95398793e-01 7.48734921e-02 -2.78911322e-01 3.36856995e+02
    6.07928336e-02 -4.59764153e-01 -9.69849467e-01 1.05020154e+03
    -4.48751710e-02 -3.02501678e-01 -1.58982718e+00 2.00993860e+03
    -9.82254278e-11 2.25554686e-10 9.45874490e-10 9.99998569e-01</data></transform_matrix>
<translate type_id="opencv-matrix">
  <rows>1</rows>
  <cols>3</cols>
  <dt>f</dt>
  <data>
    80. 0. -1142.</data></translate>
<coordinateDifference>0</coordinateDifference>
</opencv_storage>
