<?xml version="1.0"?>
<opencv_storage>
<transform_matrix type_id="opencv-matrix">
  <rows>4</rows>
  <cols>4</cols>
  <dt>f</dt>
  <data>
    9.99909878e-01 -7.56893912e-03 1.10970382e-02 2.78675556e+01
    -7.46953255e-03 -9.99931991e-01 -8.97336751e-03 -5.46906586e+01
    1.11641949e-02 8.88964534e-03 -9.99898255e-01 1.32860364e+03 0. 0.
    0. 1.</data></transform_matrix>
<translate type_id="opencv-matrix">
  <rows>1</rows>
  <cols>3</cols>
  <dt>f</dt>
  <data>
    0. 0. 0.</data></translate>
<coordinateDifference>0</coordinateDifference>
</opencv_storage>
